1 7511867.6400 4692126.9630 616.2330 "P1"
2 7511860.7670 4692091.0150 616.6670 "P2"
12 7511877.2290 4692127.6190 616.5000 "GARAZHA"
13 7511876.9670 4692124.6980 616.5660 "GARAZHA"
15 7511876.7088 4692121.8803 616.5000 "SHKALLA"
16 7511874.8680 4692122.0740 616.5000 "SHKALLA"
17 7511874.5850 4692118.9590 616.5030 "SHKALLA"
18 7511874.3170 4692118.7990 616.5060 "PERDHES-TERAS"
19 7511873.3850 4692117.3900 616.4070 "PERDHES-TERAS"
20 7511874.2330 4692115.1480 616.3750 "PERDHES-TERAS"
25 7511876.0320 4692114.5670 618.9880 "PERDHESE"
27 7511886.2280 4692123.8840 622.3480 "PERDHESE"
52 7511854.9180 4692142.3170 616.7770 "PUSET-FEKAL"
53 7511853.2060 4692138.4870 616.7340 "PUSET-FEKAL"
55 7511876.4256 4692118.7891 616.5000 "SHKALLA"
56 7511886.4900 4692126.8050 622.3480 "PERDHESE"
57 7511885.2930 4692113.6800 622.3480 "PERDHESE"
