7 7511885.3010 4692113.6940 619.5900 "KATI1"
28 7511886.2280 4692123.8840 622.3480 "KATI1"
31 7511876.3560 4692124.8080 619.5640 "KATI1"
32 7511876.2090 4692123.2970 619.5800 "KATI1"
33 7511876.8300 4692123.2389 619.5900 "KATI1"
34 7511876.6040 4692121.0130 622.4660 "KATI1"
35 7511875.7060 4692121.0910 619.5750 "KATI1"
36 7511875.1720 4692120.2690 619.5860 "KATI1"
37 7511875.0940 4692119.3110 619.5840 "KATI1"
38 7511875.4614 4692118.3782 619.5900 "KATI1"
39 7511876.3606 4692118.2940 619.5900 "KATI1"
41 7511876.1750 4692116.0830 621.1630 "KATI1"
42 7511875.5580 4692116.1270 619.5770 "KATI1"
43 7511875.4290 4692114.6180 619.5900 "KATI1"
44 7511875.6361 4692116.1214 619.5900 "KATI1-TERAS"
45 7511875.5000 4692117.2120 619.5840 "KATI1-TERAS"
46 7511875.5100 4692118.3736 619.5900 "KATI1-TERAS"
47 7511875.7685 4692121.0856 619.5900 "KATI1-TERAS"
48 7511875.8830 4692121.8990 619.5770 "KATI1-TERAS"
49 7511876.3049 4692123.2880 619.5900 "KATI1-TERAS"
